2;1;1;1;1008;100.8;
2;1;1;2;1008;100.8;
2;1;1;3;1008;100.8;
2;1;2;1;822;82.2;
2;1;2;2;822;82.2;
2;1;2;3;809;80.9;
2;1;3;3;797;79.7;
2;2;1;1;986;179.7;
2;2;1;2;986;179.7;
2;2;1;3;986;179.7;
2;2;2;1;526;96.5;
2;2;2;2;526;96.5;
2;2;2;3;529;97.5;
2;2;3;1;435;79.8;
2;2;3;2;435;79.8;
2;2;3;3;521;97.0;
2;3;1;1;890;205.9;
2;3;1;2;890;205.9;
2;3;1;3;890;205.9;
2;3;2;1;536;127.3;
2;3;2;2;536;127.3;
2;3;2;3;545;128.0;
2;3;3;1;415;104.2;
2;3;3;2;415;104.2;
2;3;3;3;418;112.0;
2;4;1;1;856;228.1;
2;4;1;2;856;228.1;
2;4;1;3;856;228.1;
2;4;2;1;527;150.2;
2;4;2;2;527;150.2;
2;4;2;3;489;143.7;
2;4;3;1;438;121.1;
2;4;3;2;438;121.1;
2;4;3;3;444;123.5;
2;5;1;1;780;257.3;
2;5;1;2;780;257.3;
2;5;1;3;780;257.3;
2;5;2;1;403;147.1;
2;5;2;2;403;147.1;
2;5;2;3;441;159.9;
2;5;3;1;351;130.0;
2;5;3;2;351;130.0;
2;5;3;3;390;141.1;
3;1;1;1;1388;138.8;
3;1;1;2;1388;138.8;
3;1;1;3;1388;138.8;
3;1;2;1;1131;113.1;
3;1;2;2;1131;113.1;
3;1;2;3;1077;107.7;
3;1;3;1;919;91.9;
3;1;3;2;919;91.9;
3;1;3;3;1060;106.0;
3;2;1;1;1368;257.0;
3;2;1;2;1368;257.0;
3;2;1;3;1368;257.0;
3;2;2;1;735;138.2;
3;2;2;2;735;138.2;
3;2;2;3;763;143.5;
3;2;3;1;566;106.6;
3;2;3;2;566;106.6;
3;2;3;3;597;109.7;
3;3;1;1;1189;290.1;
3;3;1;2;1189;290.1;
3;3;1;3;1189;290.1;
3;3;2;1;668;169.1;
3;3;2;2;668;169.1;
3;3;2;3;662;167.7;
3;3;3;1;585;141.4;
3;3;3;2;585;141.4;
3;3;3;3;553;135.4;
3;4;1;1;1053;272.2;
3;4;1;2;1053;272.2;
3;4;1;3;1053;272.2;
3;4;2;1;671;179.6;
3;4;2;2;671;179.6;
3;4;2;3;688;185.0;
3;4;3;1;500;138.1;
3;4;3;2;500;138.1;
3;4;3;3;527;146.1;
3;5;2;1;576;195.0;
3;5;2;2;576;195.0;
3;5;2;3;643;211.2;
3;5;3;1;518;172.2;
3;5;3;2;518;172.2;
3;5;3;3;421;150.8;
4;1;1;1;1759;175.9;
4;1;1;2;1759;175.9;
4;1;1;3;1759;175.9;
4;1;2;1;1248;124.8;
4;1;2;2;1248;124.8;
4;1;2;3;1214;121.4;
4;2;1;1;1660;307.8;
4;2;1;2;1660;307.8;
4;2;1;3;1660;307.8;
4;2;2;1;956;176.8;
4;2;2;2;956;176.8;
4;2;2;3;931;173.4;
4;2;3;1;705;132.4;
4;2;3;2;705;132.4;
4;2;3;3;847;150.1;
2;1;1;1;1008;100.8;
2;1;1;2;839;83.9;
2;1;1;3;811;81.1;
2;1;2;1;822;82.2;
2;1;2;2;769;76.9;
2;1;2;3;769;76.9;
2;1;3;3;767;76.7;
2;2;1;1;986;179.7;
2;2;1;2;848;155.9;
2;2;1;3;740;135.1;
2;2;2;1;526;96.5;
2;2;2;2;588;100.1;
2;2;2;3;549;98.6;
2;2;3;1;435;79.8;
2;2;3;2;461;81.5;
2;2;3;3;530;95.0;
2;3;1;1;890;205.9;
2;3;1;2;808;185.1;
2;3;1;3;768;214.9;
2;3;2;1;536;127.3;
2;3;2;2;495;131.1;
2;3;2;3;440;117.2;
2;3;3;1;415;104.2;
2;3;3;2;437;108.6;
2;1;1;1;1008;100.8;
2;1;1;2;1008;100.8;
2;1;1;3;1008;100.8;
2;1;2;1;822;82.2;
2;1;2;2;822;82.2;
2;1;2;3;809;80.9;
2;1;3;1;772;77.2;
2;1;3;2;772;77.2;
2;1;3;3;797;79.7;
2;2;1;1;986;179.7;
2;2;1;2;986;179.7;
2;2;1;3;986;179.7;
2;2;2;1;526;96.5;
2;2;2;2;526;96.5;
2;2;2;3;529;97.5;
2;2;3;1;435;79.8;
2;2;3;2;435;79.8;
2;2;3;3;521;97.0;
2;3;1;1;890;205.9;
2;3;1;2;890;205.9;
2;3;1;3;890;205.9;
2;3;2;1;536;127.3;
2;3;2;2;536;127.3;
2;3;2;3;545;128.0;
2;3;3;1;415;104.2;
2;3;3;2;415;104.2;
2;3;3;3;418;112.0;
2;4;1;1;856;228.1;
2;4;1;2;856;228.1;
2;4;1;3;856;228.1;
2;4;2;1;527;150.2;
2;4;2;2;527;150.2;
2;4;2;3;489;143.7;
2;4;3;1;438;121.1;
2;4;3;2;438;121.1;
2;4;3;3;444;123.5;
2;5;1;1;780;257.3;
2;5;1;2;780;257.3;
2;5;1;3;780;257.3;
2;5;2;1;403;147.1;
2;5;2;2;403;147.1;
2;5;2;3;441;159.9;
2;5;3;1;351;130.0;
2;5;3;2;351;130.0;
2;5;3;3;390;141.1;
3;1;1;1;1388;138.8;
3;1;1;2;1388;138.8;
3;1;1;3;1388;138.8;
3;1;2;1;1131;113.1;
3;1;2;2;1131;113.1;
3;1;2;3;1077;107.7;
3;1;3;1;919;91.9;
3;1;3;2;919;91.9;
3;1;3;3;1060;106.0;
3;2;1;1;1368;257.0;
3;2;1;2;1368;257.0;
3;2;1;3;1368;257.0;
3;2;2;1;735;138.2;
3;2;2;2;735;138.2;
3;2;2;3;763;143.5;
3;2;3;1;566;106.6;
3;2;3;2;566;106.6;
3;2;3;3;597;109.7;
3;3;1;1;1189;290.1;
3;3;1;2;1189;290.1;
3;3;1;3;1189;290.1;
3;3;2;1;668;169.1;
3;3;2;2;668;169.1;
3;3;2;3;662;167.7;
3;3;3;1;585;141.4;
3;3;3;2;585;141.4;
3;3;3;3;553;135.4;
3;4;1;1;1053;272.2;
3;4;1;2;1053;272.2;
3;4;1;3;1053;272.2;
3;4;2;1;671;179.6;
3;4;2;2;671;179.6;
3;4;2;3;688;185.0;
3;4;3;1;500;138.1;
3;4;3;2;500;138.1;
3;4;3;3;527;146.1;
3;5;2;1;576;195.0;
3;5;2;2;576;195.0;
3;5;2;3;643;211.2;
3;5;3;1;518;172.2;
3;5;3;2;518;172.2;
3;5;3;3;421;150.8;
4;1;1;1;1759;175.9;
4;1;1;2;1759;175.9;
4;1;1;3;1759;175.9;
4;1;2;1;1248;124.8;
4;1;2;2;1248;124.8;
4;1;2;3;1214;121.4;
4;1;3;1;1210;121.0;
4;1;3;2;1210;121.0;
4;1;3;3;1241;124.1;
4;2;1;1;1660;307.8;
4;2;1;2;1660;307.8;
4;2;1;3;1660;307.8;
4;2;2;1;956;176.8;
4;2;2;2;956;176.8;
2;1;1;1;1008;100.8;
2;1;1;2;1008;100.8;
2;1;1;3;1008;100.8;
2;1;2;1;822;82.2;
2;1;2;2;822;82.2;
2;1;2;3;809;80.9;
2;1;3;1;772;77.2;
2;1;3;2;772;77.2;
2;1;3;3;797;79.7;
2;2;1;1;986;179.7;
2;2;1;2;986;179.7;
2;2;1;3;986;179.7;
2;2;2;1;526;96.5;
2;2;2;2;526;96.5;
2;2;2;3;529;97.5;
2;2;3;1;435;79.8;
2;2;3;2;435;79.8;
2;2;3;3;521;97.0;
2;3;1;1;890;205.9;
2;3;1;2;890;205.9;
2;3;1;3;890;205.9;
2;3;2;1;536;127.3;
2;3;2;2;536;127.3;
2;3;2;3;545;128.0;
2;3;3;1;415;104.2;
2;3;3;2;415;104.2;
2;3;3;3;418;112.0;
2;4;1;1;856;228.1;
2;4;1;2;856;228.1;
2;4;1;3;856;228.1;
2;4;2;1;527;150.2;
2;4;2;2;527;150.2;
2;4;2;3;489;143.7;
2;4;3;1;438;121.1;
2;4;3;2;438;121.1;
2;4;3;3;444;123.5;
2;5;1;1;780;257.3;
2;5;1;2;780;257.3;
2;5;1;3;780;257.3;
2;5;2;1;403;147.1;
2;5;2;2;403;147.1;
2;5;2;3;441;159.9;
2;5;3;1;351;130.0;
2;5;3;2;351;130.0;
2;5;3;3;390;141.1;
3;1;1;1;1388;138.8;
3;1;1;2;1388;138.8;
3;1;1;3;1388;138.8;
3;1;2;1;1131;113.1;
3;1;2;2;1131;113.1;
3;1;2;3;1077;107.7;
3;1;3;1;919;91.9;
3;1;3;2;919;91.9;
3;1;3;3;1060;106.0;
3;2;1;1;1368;257.0;
3;2;1;2;1368;257.0;
3;2;1;3;1368;257.0;
3;2;2;1;735;138.2;
3;2;2;2;735;138.2;
3;2;2;3;763;143.5;
3;2;3;1;566;106.6;
3;2;3;2;566;106.6;
3;2;3;3;597;109.7;
3;3;1;1;1189;290.1;
3;3;1;2;1189;290.1;
3;3;1;3;1189;290.1;
3;3;2;1;668;169.1;
3;3;2;2;668;169.1;
3;3;2;3;662;167.7;
3;3;3;1;585;141.4;
3;3;3;2;585;141.4;
3;3;3;3;553;135.4;
3;4;1;1;1053;272.2;
3;4;1;2;1053;272.2;
3;4;1;3;1053;272.2;
3;4;2;1;671;179.6;
3;4;2;2;671;179.6;
3;4;2;3;688;185.0;
3;4;3;1;500;138.1;
3;4;3;2;500;138.1;
3;4;3;3;527;146.1;
3;5;2;1;576;195.0;
3;5;2;2;576;195.0;
3;5;2;3;643;211.2;
3;5;3;1;518;172.2;
3;5;3;2;518;172.2;
3;5;3;3;421;150.8;
4;1;1;1;1759;175.9;
4;1;1;2;1759;175.9;
4;1;1;3;1759;175.9;
4;1;2;1;1248;124.8;
4;1;2;2;1248;124.8;
4;1;2;3;1214;121.4;
4;1;3;1;1210;121.0;
4;1;3;2;1210;121.0;
4;1;3;3;1241;124.1;
4;2;1;1;1660;307.8;
4;2;1;2;1660;307.8;
4;2;1;3;1660;307.8;
4;2;2;1;956;176.8;
4;2;2;2;956;176.8;
4;2;2;3;931;173.4;
4;2;3;1;705;132.4;
4;2;3;2;705;132.4;
4;2;3;3;847;150.1;
4;3;2;1;881;208.3;
4;3;2;2;881;208.3;
4;3;2;3;849;198.7;
4;3;3;1;688;179.6;
4;3;3;2;688;179.6;
4;3;3;3;744;176.0;
4;4;2;1;875;243.2;
4;4;2;2;875;243.2;
4;4;2;3;903;254.4;
4;4;3;1;679;193.3;
4;4;3;2;679;193.3;
4;4;3;3;698;194.0;
4;5;2;1;752;268.0;
4;5;2;2;752;268.0;
4;5;2;3;781;279.2;
4;5;3;1;540;201.6;
4;5;3;2;540;201.6;
4;5;3;3;546;206.1;
2;1;1;1;1008;100.8;
2;1;1;2;839;83.9;
2;1;1;3;811;81.1;
2;1;2;1;822;82.2;
2;1;2;2;769;76.9;
2;1;2;3;769;76.9;
2;1;3;1;772;77.2;
2;1;3;2;769;76.9;
2;1;3;3;767;76.7;
2;2;1;1;986;179.7;
2;2;1;2;848;155.9;
2;2;1;3;740;135.1;
2;2;2;1;526;96.5;
2;2;2;2;588;100.1;
2;2;2;3;549;98.6;
2;2;3;1;435;79.8;
2;2;3;2;461;81.5;
2;2;3;3;530;95.0;
2;3;1;1;890;205.9;
2;3;1;2;808;185.1;
2;3;1;3;768;214.9;
2;3;2;1;536;127.3;
2;3;2;2;495;131.1;
2;3;2;3;440;117.2;
2;3;3;1;415;104.2;
2;3;3;2;437;108.6;
2;3;3;3;338;88.4;
2;4;1;1;856;228.1;
2;4;1;2;880;225.7;
2;4;1;3;601;174.4;
2;4;2;1;527;150.2;
2;4;2;2;475;133.6;
2;4;2;3;513;103.1;
2;4;3;1;438;121.1;
2;4;3;2;382;116.0;
2;4;3;3;389;104.2;
2;5;1;1;780;257.3;
2;5;1;2;702;241.1;
2;5;1;3;705;237.5;
2;5;2;1;403;147.1;
2;5;2;2;428;157.4;
2;5;2;3;463;132.0;
2;5;3;1;351;130.0;
2;5;3;2;378;147.8;
2;5;3;3;390;131.7;
2;6;1;1;927;272.2;
2;6;1;2;871;236.8;
2;6;1;3;504;205.1;
2;6;2;1;360;128.7;
2;6;2;2;412;137.4;
2;6;2;3;372;118.9;
2;6;3;1;291;105.3;
2;6;3;2;309;113.8;
2;6;3;3;282;117.1;
3;1;1;1;1388;138.8;
3;1;1;2;1177;117.7;
3;1;1;3;1125;112.5;
3;1;2;1;1131;113.1;
3;1;2;2;1019;101.9;
3;1;2;3;1027;102.7;
3;1;3;1;919;91.9;
3;1;3;2;998;99.8;
3;1;3;3;997;99.7;
3;2;1;1;1368;257.0;
3;2;1;2;1258;235.0;
3;2;1;3;1064;195.9;
3;2;2;1;735;138.2;
3;2;2;2;697;123.7;
3;2;2;3;790;138.0;
3;2;3;1;566;106.6;
3;2;3;2;577;105.9;
3;2;3;3;672;118.4;
3;3;1;1;1189;290.1;
3;3;1;2;1099;275.3;
3;3;1;3;992;287.3;
3;3;2;1;668;169.1;
3;3;2;2;611;165.1;
3;3;2;3;590;171.5;
3;3;3;1;585;141.4;
3;3;3;2;501;131.6;
3;3;3;3;468;118.1;
3;4;1;1;1053;272.2;
3;4;1;2;981;264.2;
3;4;1;3;910;261.4;
3;4;2;1;671;179.6;
3;4;2;2;616;132.5;
3;4;2;3;614;205.5;
3;4;3;1;500;138.1;
3;4;3;2;489;162.5;
3;4;3;3;460;136.0;
3;5;1;2;960;324.6;
3;5;1;3;981;312.4;
3;5;2;1;576;195.0;
3;5;2;2;623;208.4;
3;5;2;3;626;162.0;
3;5;3;1;518;172.2;
3;5;3;2;493;137.5;
3;5;3;3;477;142.2;
3;6;1;2;1044;291.3;
3;6;1;3;770;303.1;
3;6;2;1;604;173.0;
3;6;2;2;446;155.0;
3;6;2;3;513;166.7;
3;6;3;1;461;142.7;
3;6;3;2;484;146.1;
3;6;3;3;388;157.8;
4;1;1;1;1759;175.9;
4;1;1;2;1491;149.1;
4;1;1;3;1374;137.4;
4;1;2;1;1248;124.8;
4;1;2;2;1233;123.3;
4;1;2;3;1256;125.6;
4;1;3;1;1210;121.0;
4;1;3;2;1228;122.8;
4;1;3;3;1302;130.2;
4;2;1;1;1660;307.8;
4;2;1;2;1494;281.6;
4;2;1;3;1326;243.9;
4;2;2;1;956;176.8;
4;2;2;2;945;182.3;
4;2;2;3;937;164.8;
4;2;3;1;705;132.4;
4;2;3;2;816;150.0;
4;2;3;3;992;170.7;
4;3;1;3;1201;338.0;
4;3;2;1;881;208.3;
4;3;2;2;908;239.4;
4;3;2;3;823;210.7;
4;3;3;1;688;179.6;
4;3;3;2;622;164.6;
4;3;3;3;616;170.5;
4;4;1;2;1341;370.6;
4;4;1;3;1051;323.8;
4;4;2;1;875;243.2;
4;4;2;2;801;223.0;
4;4;2;3;676;210.4;
4;4;3;1;679;193.3;
4;4;3;2;548;187.5;
4;4;3;3;593;176.0;
4;5;2;1;752;268.0;
4;5;2;2;753;275.1;
4;5;2;3;866;236.1;
4;5;3;1;540;201.6;
4;5;3;2;696;195.7;
4;5;3;3;591;237.4;
4;6;1;3;1007;393.1;
4;6;2;1;871;228.3;
4;6;2;2;555;190.3;
4;6;2;3;647;206.1;
4;6;3;1;606;213.3;
4;6;3;2;397;146.0;
4;6;3;3;531;215.0;
2;1;1;1;1000;98.44444444444444;
2;1;1;2;1000;87.54545454545455;
2;1;1;3;1000;81.5;
2;1;2;1;1000;81.58333333333333;
2;1;2;2;1000;74.61538461538461;
2;1;2;3;1000;74.3076923076923;
2;1;3;1;1000;75.0;
2;1;3;2;1000;74.38461538461539;
2;1;3;3;1000;74.23076923076923;
2;2;1;1;1000;179.7;
2;2;1;2;1000;140.69230769230768;
2;2;1;3;1000;125.46153846153847;
2;2;2;1;1000;104.58823529411765;
2;2;2;2;1000;105.58823529411765;
2;2;2;3;1000;102.6470588235294;
2;2;3;1;1000;90.3;
2;2;3;2;1000;88.9047619047619;
2;2;3;3;1000;95.9;
2;3;1;1;1000;230.9090909090909;
2;3;1;2;1000;208.69230769230768;
2;3;1;3;1000;194.53846153846155;
2;3;2;1;1000;144.73684210526315;
2;3;2;2;1000;131.72727272727272;
2;3;2;3;1000;128.27272727272728;
2;3;3;1;1000;110.0;
2;3;3;2;1000;106.77777777777777;
2;3;3;3;1000;98.0;
2;4;1;1;1000;228.1;
2;4;1;2;1000;264.72727272727275;
2;4;1;3;1000;214.78571428571428;
2;4;2;1;1000;185.94444444444446;
2;4;2;2;1000;166.61904761904762;
2;4;2;3;1000;165.95454545454547;
2;4;3;1;1000;137.71428571428572;
2;4;3;2;1000;124.06666666666666;
2;4;3;3;1000;125.46428571428571;
2;5;1;1;1000;308.8181818181818;
2;5;1;2;1000;292.5;
2;5;1;3;1000;282.2142857142857;
2;5;2;1;1000;203.71428571428572;
2;5;2;2;1000;190.5909090909091;
2;5;2;3;1000;193.6818181818182;
2;5;3;1;1000;159.17857142857142;
2;5;3;2;1000;160.25;
2;5;3;3;1000;149.93103448275863;
2;6;1;1;1000;272.2;
2;6;1;2;1000;300.0;
2;6;1;3;1000;282.0833333333333;
2;6;2;1;1000;243.0;
2;6;2;2;1000;214.43478260869566;
2;6;2;3;1000;247.3;
2;6;3;1;1000;192.80769230769232;
2;6;3;2;1000;174.73333333333332;
2;6;3;3;1000;180.39285714285714;
3;1;1;1;1000;137.57142857142858;
3;1;1;2;1000;124.125;
3;1;1;3;1000;111.0;
3;1;2;1;1000;109.77777777777777;
3;1;2;2;1000;97.66666666666667;
3;1;2;3;1000;99.0;
3;1;3;1;1000;91.9;
3;1;3;2;1000;99.8;
3;1;3;3;1000;99.7;
3;2;1;1;1000;217.71428571428572;
3;2;1;2;1000;172.16666666666666;
3;2;1;3;1000;194.77777777777777;
3;2;2;1;1000;129.78571428571428;
3;2;2;2;1000;130.06666666666666;
3;2;2;3;1000;134.23076923076923;
3;2;3;1;1000;109.58823529411765;
3;2;3;2;1000;107.82352941176471;
3;2;3;3;1000;116.625;
3;3;1;1;1000;269.25;
3;3;1;2;1000;252.5;
3;3;1;3;1000;287.3;
3;3;2;1;1000;175.6153846153846;
3;3;2;2;1000;169.8235294117647;
3;3;2;3;1000;166.7058823529412;
3;3;3;1;1000;150.27777777777777;
3;3;3;2;1000;141.65;
3;3;3;3;1000;126.72727272727273;
3;4;1;1;1000;212.66666666666666;
3;4;1;2;1000;264.2;
3;4;1;3;1000;243.0909090909091;
3;4;2;1;1000;225.21428571428572;
3;4;2;2;1000;205.52941176470588;
3;4;2;3;1000;210.64705882352942;
3;4;3;1;1000;182.3684210526316;
3;4;3;2;1000;161.27272727272728;
3;4;3;3;1000;159.7391304347826;
3;5;1;1;1000;261.55555555555554;
3;5;1;2;1000;324.6;
3;5;1;3;1000;312.4;
3;5;2;1;1000;249.85714285714286;
3;5;2;2;1000;242.61111111111111;
3;5;2;3;1000;237.66666666666666;
3;5;3;1;1000;210.3;
3;5;3;2;1000;205.1904761904762;
3;5;3;3;1000;176.76;
3;6;1;1;1000;263.0;
3;6;1;2;1000;275.6666666666667;
3;6;1;3;1000;303.1;
3;6;2;1;1000;286.11764705882354;
3;6;2;2;1000;271.27777777777777;
3;6;2;3;1000;243.0;
3;6;3;1;1000;230.1818181818182;
3;6;3;2;1000;207.3181818181818;
3;6;3;3;1000;207.88;
4;1;1;1;1000;162.2;
4;1;1;2;1000;163.0;
4;1;1;3;1000;133.42857142857142;
4;1;2;1;1000;119.14285714285714;
4;1;2;2;1000;124.875;
4;1;2;3;1000;124.0;
4;1;3;1;1000;124.625;
4;1;3;2;1000;118.85714285714286;
4;1;3;3;1000;123.42857142857143;
4;2;1;1;1000;220.16666666666666;
4;2;1;2;1000;237.83333333333334;
4;2;1;3;1000;245.0;
4;2;2;1;1000;176.8;
4;2;2;2;1000;182.3;
4;2;2;3;1000;164.8;
4;2;3;1;1000;129.07692307692307;
4;2;3;2;1000;139.46153846153845;
4;2;3;3;1000;170.7;
4;3;1;1;1000;113.2;
4;3;1;2;1000;101.8;
4;3;1;3;1000;249.875;
4;3;2;1;1000;223.27272727272728;
4;3;2;2;1000;220.23076923076923;
4;3;2;3;1000;218.76923076923077;
4;3;3;1;1000;185.6875;
4;3;3;2;1000;155.0;
4;3;3;3;1000;160.2941176470588;
4;4;1;1;1000;277.85714285714283;
4;4;1;2;1000;253.28571428571428;
4;4;1;3;1000;311.5;
4;4;2;1;1000;272.1818181818182;
4;4;2;2;1000;269.3076923076923;
4;4;2;3;1000;221.85714285714286;
4;4;3;1;1000;223.13333333333333;
4;4;3;2;1000;182.94736842105263;
4;4;3;3;1000;197.83333333333334;
4;5;1;1;1000;246.5;
4;5;1;2;1000;241.0;
4;5;1;3;1000;280.7142857142857;
4;5;2;1;1000;311.54545454545456;
4;5;2;2;1000;278.0769230769231;
4;5;2;3;1000;320.5;
4;5;3;1;1000;240.76470588235293;
4;5;3;2;1000;239.94117647058823;
4;5;3;3;1000;230.47368421052633;
4;6;1;1;1000;320.44444444444446;
4;6;1;2;1000;332.1111111111111;
4;6;1;3;1000;333.77777777777777;
4;6;2;1;1000;305.6923076923077;
4;6;2;2;1000;229.33333333333334;
4;6;2;3;1000;226.25;
4;6;3;1;1000;284.72222222222223;
4;6;3;2;1000;239.57894736842104;
4;6;3;3;1000;257.7647058823529;
2;1;1;1;10000;96.125;
2;1;1;2;10000;84.99145299145299;
2;1;1;3;10000;82.59166666666667;
2;1;2;1;10000;80.21774193548387;
2;1;2;2;10000;79.864;
2;1;2;3;10000;78.31496062992126;
2;1;3;1;10000;81.27049180327869;
2;1;3;2;10000;81.60655737704919;
2;1;3;3;10000;81.6639344262295;
2;2;1;1;10000;169.4017094017094;
2;2;1;2;10000;144.73722627737226;
2;2;1;3;10000;138.57638888888889;
2;2;2;1;10000;101.87628865979381;
2;2;2;2;10000;98.23762376237623;
2;2;2;3;10000;95.33173076923077;
2;2;3;1;10000;88.45777777777778;
2;2;3;2;10000;86.14718614718615;
2;2;3;3;10000;90.0;
2;3;1;1;10000;255.0854700854701;
2;3;1;2;10000;212.31205673758865;
2;3;1;3;10000;201.58450704225353;
2;3;2;1;10000;137.30275229357798;
2;3;2;2;10000;122.1311475409836;
2;3;3;1;10000;106.97132616487455;
2;3;3;2;10000;100.37037037037037;
2;3;3;3;10000;99.31893687707641;
2;4;1;1;10000;336.1794871794872;
2;4;1;2;10000;277.4225352112676;
2;4;1;3;10000;268.03472222222223;
2;4;2;1;10000;179.63181818181818;
2;4;2;2;10000;154.66015625;
2;4;3;1;10000;135.06101694915253;
2;4;3;2;10000;123.83125;
2;4;3;3;10000;120.94171779141104;
2;5;1;2;10000;335.4166666666667;
2;5;1;3;10000;334.541095890411;
2;5;2;1;10000;230.62264150943398;
2;5;2;2;10000;199.01626016260164;
2;1;1;1;5000;95.48076923076923;
2;1;1;2;5000;85.27586206896552;
2;1;1;3;5000;81.26666666666667;
2;1;2;1;5000;79.36507936507937;
2;1;2;2;5000;77.828125;
2;1;2;3;5000;77.25;
2;1;3;1;5000;80.03225806451613;
2;1;3;2;5000;80.37096774193549;
2;1;3;3;5000;80.62903225806451;
2;2;1;1;5000;166.10169491525423;
2;2;1;2;5000;149.03030303030303;
2;2;1;3;5000;141.82857142857142;
2;2;2;1;5000;99.53061224489795;
2;2;2;2;5000;96.74257425742574;
2;2;2;3;5000;94.39805825242719;
2;2;3;1;5000;88.6875;
2;2;3;2;5000;86.78070175438596;
2;2;3;3;5000;88.4054054054054;
2;3;1;1;5000;240.13333333333333;
2;1;1;1;10000;82.25833333333334;
2;1;1;2;10000;72.39855072463769;
2;1;1;3;10000;68.875;
2;1;2;1;10000;68.26027397260275;
2;1;2;2;10000;67.0738255033557;
2;1;2;3;10000;67.8639455782313;
2;1;3;1;10000;70.2605633802817;
2;1;3;2;10000;72.91176470588235;
2;1;3;3;10000;71.35714285714286;
2;2;1;1;10000;137.68309859154928;
2;2;1;2;10000;120.95731707317073;
2;2;1;3;10000;118.18452380952381;
2;2;2;1;10000;86.26406926406926;
2;2;2;2;10000;83.8781512605042;
2;2;2;3;10000;83.21610169491525;
2;2;3;1;10000;76.27586206896552;
2;2;3;2;10000;76.83011583011583;
2;2;3;3;10000;76.71317829457364;
2;3;1;1;10000;206.42957746478874;
2;3;1;2;10000;178.11377245508982;
2;3;1;3;10000;175.7245508982036;
2;3;2;1;10000;119.096;
2;3;2;2;10000;102.10921501706484;
2;3;2;3;10000;103.08304498269896;
2;3;3;1;10000;92.20123839009288;
2;3;3;2;10000;88.36904761904762;
2;3;3;3;10000;86.8357771260997;
2;4;1;1;10000;268.60689655172416;
2;4;1;2;10000;235.95238095238096;
2;4;1;3;10000;230.86904761904762;
2;4;2;1;10000;155.0078431372549;
2;4;2;2;10000;134.15824915824916;
2;4;2;3;10000;134.8122866894198;
2;4;3;1;10000;118.562874251497;
2;4;3;2;10000;108.82786885245902;
2;4;3;3;10000;105.6923076923077;
2;5;1;1;10000;327.99319727891157;
2;5;1;2;10000;280.8612716763006;
2;5;1;3;10000;275.92045454545456;
2;5;2;1;10000;187.46946564885496;
2;5;2;2;10000;157.6741214057508;
2;5;2;3;10000;156.5;
2;5;3;1;10000;143.61337209302326;
2;5;3;2;10000;124.13819095477388;
2;5;3;3;10000;119.2757793764988;
3;1;1;1;10000;109.85714285714286;
3;1;1;2;10000;95.38461538461539;
3;1;1;3;10000;91.21296296296296;
3;1;2;1;10000;88.39823008849558;
3;1;2;2;10000;87.70175438596492;
3;1;2;3;10000;84.76068376068376;
3;1;3;1;10000;88.75;
3;1;3;2;10000;89.41441441441441;
3;1;3;3;10000;91.83333333333333;
3;2;1;1;10000;192.7058823529412;
3;2;1;2;10000;165.74166666666667;
3;2;1;3;10000;154.75968992248062;
3;2;2;1;10000;114.35838150289017;
3;2;2;2;10000;106.86486486486487;
3;2;2;3;10000;104.21578947368421;
3;2;3;1;10000;97.6029411764706;
3;2;3;2;10000;101.01015228426395;
3;2;3;3;10000;97.66666666666667;
3;3;1;1;10000;284.6470588235294;
3;3;1;2;10000;243.61157024793388;
3;3;1;3;10000;239.20967741935485;
3;3;2;1;10000;154.7591623036649;
3;3;2;2;10000;139.85377358490567;
3;3;2;3;10000;142.0956937799043;
3;3;3;1;10000;118.936;
3;3;3;2;10000;114.74903474903475;
3;3;3;3;10000;111.32089552238806;
3;4;1;1;10000;368.43809523809523;
3;4;1;2;10000;328.3;
3;4;1;3;10000;326.48333333333335;
3;4;2;1;10000;203.7979274611399;
3;4;2;2;10000;183.34418604651162;
3;4;2;3;10000;173.48245614035088;
3;4;3;1;10000;149.7698113207547;
3;4;3;2;10000;132.55183946488293;
3;4;3;3;10000;133.1241610738255;
3;5;1;2;10000;406.10833333333335;
3;5;2;1;10000;252.6340206185567;
3;5;2;2;10000;218.6769911504425;
3;5;2;3;10000;207.2310924369748;
3;5;3;1;10000;183.80827067669173;
3;5;3;3;10000;151.75460122699386;
4;1;1;1;10000;143.55072463768116;
4;1;1;2;10000;122.93827160493827;
2;1;1;1;10000;82.25833333333334;
2;1;1;2;10000;82.25833333333334;
2;1;1;3;10000;82.25833333333334;
2;1;2;1;10000;68.26027397260275;
2;1;1;1;10000;82.25833333333334;
2;1;1;2;10000;82.25833333333334;
2;1;1;3;10000;82.25833333333334;
2;1;2;1;10000;68.26027397260275;
2;1;2;2;10000;68.26027397260275;
2;1;2;3;10000;68.73103448275862;
2;1;3;1;10000;70.2605633802817;
2;1;3;2;10000;70.2605633802817;
2;1;3;3;10000;71.92805755395683;
2;2;1;1;10000;137.68309859154928;
2;2;1;2;10000;137.68309859154928;
2;2;1;3;10000;137.68309859154928;
2;2;2;1;10000;86.26406926406926;
2;2;2;2;10000;86.26406926406926;
2;2;2;3;10000;87.5;
2;2;3;1;10000;76.27586206896552;
2;2;3;2;10000;76.27586206896552;
2;2;3;3;10000;75.03018867924528;
2;3;1;1;10000;206.42957746478874;
2;3;1;2;10000;206.42957746478874;
2;3;1;3;10000;206.42957746478874;
2;3;2;1;10000;119.096;
2;1;1;1;10000;82.25833333333334;
2;1;1;2;10000;82.25833333333334;
2;1;1;3;10000;82.25833333333334;
2;1;2;1;10000;68.26027397260275;
2;1;2;2;10000;68.26027397260275;
2;1;2;3;10000;68.73103448275862;
2;1;3;1;10000;70.2605633802817;
2;1;3;2;10000;70.2605633802817;
2;1;3;3;10000;71.92805755395683;
2;2;1;1;10000;137.68309859154928;
2;2;1;2;10000;137.68309859154928;
2;2;1;3;10000;137.68309859154928;
2;2;2;1;10000;86.26406926406926;
2;2;2;2;10000;86.26406926406926;
2;2;2;3;10000;87.5;
2;2;3;1;10000;76.27586206896552;
2;2;3;2;10000;76.27586206896552;
2;2;3;3;10000;75.03018867924528;
2;3;1;1;10000;206.42957746478874;
2;3;1;2;10000;206.42957746478874;
2;3;1;3;10000;206.42957746478874;
2;3;2;1;10000;119.096;
2;3;2;2;10000;119.096;
2;3;2;3;10000;119.504;
2;3;3;1;10000;92.20123839009288;
2;3;3;2;10000;92.20123839009288;
2;3;3;3;10000;92.58385093167702;
2;4;1;1;10000;268.60689655172416;
2;4;1;2;10000;268.60689655172416;
2;4;1;3;10000;268.60689655172416;
2;4;2;1;10000;155.0078431372549;
2;4;2;2;10000;155.0078431372549;
2;4;2;3;10000;157.09486166007906;
2;4;3;1;10000;118.562874251497;
2;4;3;2;10000;118.562874251497;
2;4;3;3;10000;118.57485029940119;
2;5;1;1;10000;327.99319727891157;
2;5;1;2;10000;327.99319727891157;
2;5;1;3;10000;327.99319727891157;
2;5;2;1;10000;187.46946564885496;
2;5;2;2;10000;187.46946564885496;
2;5;2;3;10000;189.15;
2;5;3;1;10000;143.61337209302326;
2;5;3;2;10000;143.61337209302326;
2;5;3;3;10000;139.48595505617976;
3;1;1;1;10000;109.85714285714286;
3;1;1;2;10000;109.85714285714286;
3;1;1;3;10000;109.85714285714286;
3;1;2;1;10000;88.39823008849558;
3;1;2;2;10000;88.39823008849558;
3;1;2;3;10000;88.4424778761062;
3;1;3;1;10000;88.75;
3;1;3;2;10000;88.75;
3;1;3;3;10000;89.49549549549549;
3;2;1;1;10000;192.7058823529412;
3;2;1;2;10000;192.7058823529412;
3;2;1;3;10000;192.7058823529412;
3;2;2;1;10000;114.35838150289017;
3;2;2;2;10000;114.35838150289017;
3;2;2;3;10000;116.26900584795321;
3;2;3;1;10000;97.6029411764706;
3;2;3;2;10000;97.6029411764706;
3;2;3;3;10000;99.79396984924622;
3;3;1;1;10000;284.6470588235294;
3;3;1;2;10000;284.6470588235294;
3;3;1;3;10000;284.6470588235294;
3;3;2;1;10000;154.7591623036649;
3;3;2;2;10000;154.7591623036649;
3;3;2;3;10000;153.49484536082474;
3;3;3;1;10000;118.936;
3;3;3;2;10000;118.936;
3;3;3;3;10000;114.58301158301158;
3;4;1;1;10000;368.43809523809523;
3;4;1;2;10000;368.43809523809523;
3;4;1;3;10000;368.43809523809523;
3;4;2;1;10000;203.7979274611399;
3;4;2;2;10000;203.7979274611399;
3;4;2;3;10000;201.47938144329896;
3;4;3;1;10000;149.7698113207547;
3;4;3;2;10000;149.7698113207547;
3;4;3;3;10000;149.92830188679244;
3;5;2;1;10000;252.6340206185567;
3;5;2;2;10000;252.6340206185567;
3;5;2;3;10000;256.671875;
3;5;3;1;10000;183.80827067669173;
3;5;3;2;10000;183.80827067669173;
4;1;1;1;10000;143.55072463768116;
4;1;1;2;10000;143.55072463768116;
4;1;1;3;10000;143.55072463768116;
4;1;2;1;10000;108.29347826086956;
4;1;2;2;10000;108.29347826086956;
4;1;2;3;10000;108.07608695652173;
4;1;3;1;10000;106.97849462365592;
4;1;3;2;10000;106.97849462365592;
4;1;3;3;10000;108.53846153846153;
4;2;1;1;10000;253.08;
4;2;1;2;10000;253.08;
4;2;1;3;10000;253.08;
4;2;2;1;10000;144.64233576642334;
4;2;2;2;10000;144.64233576642334;
4;2;2;3;10000;145.30882352941177;
2;1;1;1;10000;82.25833333333334;
2;1;1;1;1000;82.25833333333334;120
2;1;1;2;1000;82.25833333333334;120
2;1;1;3;1000;82.25833333333334;120
2;1;2;1;1000;68.26027397260275;146
2;1;2;2;1000;68.26027397260275;146
2;1;2;3;1000;68.73103448275862;145
2;1;3;1;1000;70.2605633802817;142
2;1;3;2;1000;70.2605633802817;142
2;1;1;1;1000;82.25833333333334;120
2;1;1;2;1000;82.25833333333334;120
2;1;1;3;1000;82.25833333333334;120
2;1;2;1;1000;68.26027397260275;146
2;1;2;2;1000;68.26027397260275;146
2;1;2;3;1000;68.73103448275862;145
2;1;3;1;1000;70.2605633802817;142
2;1;3;2;1000;70.2605633802817;142
2;1;3;3;1000;71.92805755395683;139
2;2;1;1;1000;137.68309859154928;142
2;2;1;2;1000;137.68309859154928;142
2;2;1;3;1000;137.68309859154928;142
2;2;2;1;1000;86.26406926406926;231
2;2;2;2;1000;86.26406926406926;231
2;2;2;3;1000;87.5;226
2;2;3;1;1000;76.27586206896552;261
2;2;3;2;1000;76.27586206896552;261
2;2;3;3;1000;75.03018867924528;265
2;3;1;1;1000;206.42957746478874;142
2;3;1;2;1000;206.42957746478874;142
2;3;1;3;1000;206.42957746478874;142
2;3;2;1;1000;119.096;250
2;3;2;2;1000;119.096;250
2;3;2;3;1000;119.504;250
2;3;3;1;1000;92.20123839009288;323
2;3;3;2;1000;92.20123839009288;323
2;3;3;3;1000;92.58385093167702;322
2;4;1;1;1000;268.60689655172416;145
2;4;1;2;1000;268.60689655172416;145
2;4;1;3;1000;268.60689655172416;145
2;4;2;1;1000;155.0078431372549;255
2;4;2;2;1000;155.0078431372549;255
2;4;2;3;1000;157.09486166007906;253
2;4;3;1;1000;118.562874251497;334
2;4;3;2;1000;118.562874251497;334
2;4;3;3;1000;118.57485029940119;334
2;5;1;1;1000;327.99319727891157;147
2;5;1;2;1000;327.99319727891157;147
2;5;1;3;1000;327.99319727891157;147
2;5;2;1;1000;187.46946564885496;262
2;5;2;2;1000;187.46946564885496;262
2;5;2;3;1000;189.15;260
2;5;3;1;1000;143.61337209302326;344
2;5;3;2;1000;143.61337209302326;344
2;5;3;3;1000;139.48595505617976;356
3;1;1;1;1000;109.85714285714286;91
3;1;1;2;1000;109.85714285714286;91
3;1;1;3;1000;109.85714285714286;91
3;1;2;1;1000;88.39823008849558;113
3;1;2;2;1000;88.39823008849558;113
3;1;2;3;1000;88.4424778761062;113
3;1;3;1;1000;88.75;112
3;1;3;2;1000;88.75;112
3;1;3;3;1000;89.49549549549549;111
3;2;1;1;1000;192.7058823529412;102
3;2;1;2;1000;192.7058823529412;102
3;2;1;3;1000;192.7058823529412;102
3;2;2;1;1000;114.35838150289017;173
3;2;2;2;1000;114.35838150289017;173
